********************
psnr:    19.585874038737362
ssim:    0.6756444418364588
fd:    1.6621000108847361
********************