********************
psnr:    24.99973287959867
ssim:    0.8666679663035799
fd:    0.9814224289769689
********************